%YAML:1.0
---
camera_matrix: !!opencv-matrix
   rows: 3
   cols: 3
   dt: d
   data: [ 3.5877739640887847e+02, 1.5899705392399692e+00,
       3.8602155037466565e+02, 0., 3.5760786471098106e+02,
       3.8716149979521776e+02, 0., 0., 1. ]
distortion_coefficients: !!opencv-matrix
   rows: 1
   cols: 4
   dt: d
   data: [ 2.2935672775272009e-01, 6.3595016036030838e-01,
       2.6420531883575189e-03, 5.4021329786595042e-05 ]
mei_coefficients: !!opencv-matrix
   rows: 1
   cols: 1
   dt: d
   data: [ 1.4897955289565319e+00 ]
rotation_vector: !!opencv-matrix
   rows: 11
   cols: 1
   dt: "3d"
   data: [ 1.1964436378163164e+00, 6.2280181575256144e-01,
       5.5221230195300386e-01, -9.0248667245685943e-01,
       -1.6418955515357600e-01, 1.8370704526412801e-01,
       -9.9144805799299052e-01, -4.1705917867119990e-01,
       9.7258668877384469e-01, -8.8735824898105753e-01,
       -1.3607499354689970e-01, 3.6671735450986909e-01,
       9.6584824948583684e-02, 1.1710412757216337e+00,
       4.1458846863745874e-01, 2.8632219385700344e-02,
       8.6874871784526053e-01, 8.2305469975991230e-01,
       -1.4403794501263207e+00, 2.3733262664193769e-01,
       2.1541863101492069e+00, -1.3444702234873926e+00,
       4.0111925573802704e-01, 2.0781200472382637e+00,
       5.1941027369178339e-01, 1.0390163654550537e+00,
       -6.2425306157181826e-01, 6.0215330865481032e-01,
       8.9104260714501493e-01, -1.0245812625419970e+00,
       8.8077111685650622e-01, 7.0796399818681488e-01,
       1.5421747251564455e-01 ]
translation_vector: !!opencv-matrix
   rows: 11
   cols: 1
   dt: "3d"
   data: [ 8.7975063015480444e+01, -2.8990809950101834e+02,
       -7.7775540252186044e+00, -4.2590993978176613e+01,
       1.6651488336749816e+02, 2.0761280503963428e+02,
       -1.8931957547247362e+02, -6.1983059763111215e-01,
       2.2007632484230379e+02, -8.7786946278275977e+01,
       1.1532079626555756e+02, 1.6002705793810804e+02,
       2.4619993229169089e+02, -6.3534098694619281e+01,
       1.5095245440102005e+02, 1.9489493333077758e+02,
       -1.2733737893902470e+01, 9.7517342737848892e+01,
       -1.6258407500113677e+02, 1.2260087683234171e+02,
       1.5190849860967299e+02, -3.8247027355191584e+01,
       1.9102350530438440e+02, 1.6046837050317345e+02,
       2.6924319105933971e+01, -2.1478376295284986e+02,
       1.6271162106871338e+02, -1.1927954117265213e+02,
       -2.0573671010756081e+02, 1.4406060480756042e+02,
       1.4752291655784163e+02, -1.7341914853974072e+02,
       4.6360728971988586e+01 ]
